0	47293	47297	decoded!
0	47297	47301	resized!
1	47297	47301	decoded!
1	47301	47304	resized!
2	47301	47305	decoded!
2	47305	47308	resized!
3	47305	47309	decoded!
3	47309	47312	resized!
4	47308	47312	decoded!
4	47312	47316	resized!
5	47312	47317	decoded!
5	47317	47321	resized!
6	47316	47322	decoded!
6	47322	47326	resized!
7	47322	47326	decoded!
7	47326	47330	resized!
8	47326	47331	decoded!
8	47331	47334	resized!
9	47331	47336	decoded!
9	47336	47339	resized!
10	47336	47340	decoded!
10	47340	47344	resized!
11	47340	47344	decoded!
11	47344	47348	resized!
12	47344	47348	decoded!
12	47348	47351	resized!
13	47348	47352	decoded!
13	47352	47355	resized!
14	47352	47355	decoded!
14	47355	47359	resized!
15	47355	47359	decoded!
15	47359	47362	resized!
16	47359	47364	decoded!
16	47364	47368	resized!
17	47364	47368	decoded!
17	47368	47371	resized!
18	47368	47372	decoded!
18	47372	47375	resized!
19	47372	47376	decoded!
19	47376	47379	resized!
20	47376	47380	decoded!
20	47381	47385	resized!
21	47381	47420	decoded!
21	47420	47424	resized!
22	47421	47460	decoded!
22	47461	47466	resized!
23	47462	47502	decoded!
23	47503	47512	resized!
24	47508	47546	decoded!
24	47547	47557	resized!
25	47553	47591	decoded!
25	47591	47596	resized!
26	47592	47631	decoded!
26	47631	47637	resized!
27	47633	47674	decoded!
27	47674	47679	resized!
28	47676	47716	decoded!
28	47716	47722	resized!
29	47717	47758	decoded!
29	47758	47763	resized!
30	47759	47799	decoded!
30	47799	47804	resized!
31	47801	47841	decoded!
31	47842	47847	resized!
32	47843	47883	decoded!
32	47883	47888	resized!
33	47884	47923	decoded!
33	47923	47931	resized!
34	47927	47965	decoded!
34	47966	47970	resized!
35	47967	48005	decoded!
35	48005	48010	resized!
36	48006	48045	decoded!
36	48045	48050	resized!
37	48046	48085	decoded!
37	48085	48093	resized!
38	48089	48127	decoded!
38	48128	48132	resized!
39	48128	48167	decoded!
39	48167	48171	resized!
40	48168	48207	decoded!
40	48207	48211	resized!
41	48208	48246	decoded!
41	48247	48251	resized!
42	48247	48286	decoded!
42	48286	48290	resized!
43	48287	48325	decoded!
43	48325	48329	resized!
44	48326	48365	decoded!
44	48365	48369	resized!
45	48366	48405	decoded!
45	48405	48409	resized!
46	48406	48444	decoded!
46	48444	48448	resized!
47	48445	48484	decoded!
47	48484	48488	resized!
48	48485	48523	decoded!
48	48524	48528	resized!
49	48524	48563	decoded!
49	48563	48567	resized!
50	48564	48602	decoded!
50	48602	48607	resized!
51	48603	48642	decoded!
51	48642	48646	resized!
52	48643	48682	decoded!
52	48682	48686	resized!
53	48683	48721	decoded!
53	48721	48725	resized!
54	48722	48761	decoded!
54	48761	48765	resized!
55	48761	48800	decoded!
55	48800	48804	resized!
56	48801	48840	decoded!
56	48840	48844	resized!
57	48841	48879	decoded!
57	48880	48885	resized!
58	48881	48922	decoded!
58	48923	48929	resized!
59	48925	48963	decoded!
59	48963	48967	resized!
60	48964	49003	decoded!
60	49003	49007	resized!
61	49004	49043	decoded!
61	49043	49047	resized!
62	49043	49082	decoded!
62	49082	49087	resized!
63	49084	49124	decoded!
63	49124	49128	resized!
64	49124	49163	decoded!
64	49163	49168	resized!
65	49164	49203	decoded!
65	49203	49209	resized!
66	49204	49244	decoded!
66	49244	49249	resized!
67	49245	49285	decoded!
67	49285	49289	resized!
68	49286	49325	decoded!
68	49325	49329	resized!
69	49326	49365	decoded!
69	49365	49369	resized!
70	49365	49404	decoded!
70	49404	49408	resized!
71	49405	49444	decoded!
71	49444	49448	resized!
72	49444	49483	decoded!
72	49484	49488	resized!
73	49484	49525	decoded!
73	49525	49531	resized!
74	49526	49567	decoded!
74	49568	49572	resized!
75	49568	49609	decoded!
75	49609	49614	resized!
76	49610	49651	decoded!
76	49651	49655	resized!
77	49652	49691	decoded!
77	49691	49696	resized!
78	49692	49732	decoded!
78	49732	49736	resized!
79	49733	49771	decoded!
79	49772	49776	resized!
80	49772	49811	decoded!
80	49811	49815	resized!
81	49812	49851	decoded!
81	49851	49855	resized!
82	49852	49890	decoded!
82	49890	49907	resized!
83	49891	49908	decoded!
83	49908	49912	resized!
84	49908	49944	decoded!
84	49944	49948	resized!
85	49945	49984	decoded!
85	49984	49989	resized!
86	49985	50024	decoded!
86	50025	50029	resized!
87	50026	50064	decoded!
87	50064	50069	resized!
88	50065	50104	decoded!
88	50104	50108	resized!
89	50105	50143	decoded!
89	50143	50148	resized!
90	50144	50183	decoded!
90	50183	50187	resized!
91	50184	50223	decoded!
91	50223	50231	resized!
92	50228	50266	decoded!
92	50266	50272	resized!
93	50268	50306	decoded!
93	50307	50311	resized!
94	50308	50346	decoded!
94	50346	50351	resized!
95	50347	50386	decoded!
95	50386	50395	resized!
96	50392	50430	decoded!
96	50430	50435	resized!
97	50431	50470	decoded!
97	50470	50474	resized!
98	50471	50509	decoded!
98	50509	50515	resized!
99	50510	50551	decoded!
99	50551	50555	resized!
100	50552	50591	decoded!
100	50591	50596	resized!
101	50592	50631	decoded!
101	50631	50636	resized!
102	50632	50673	decoded!
102	50673	50679	resized!
103	50675	50716	decoded!
103	50716	50721	resized!
104	50717	50758	decoded!
104	50758	50762	resized!
105	50758	50797	decoded!
105	50797	50809	resized!
106	50798	50847	decoded!
106	50847	50851	resized!
107	50848	50887	decoded!
107	50887	50894	resized!
108	50888	50930	decoded!
108	50930	50939	resized!
109	50938	50942	decoded!
109	50942	50946	resized!
110	50942	50977	decoded!
110	50977	50981	resized!
111	50978	51016	decoded!
111	51016	51021	resized!
112	51017	51058	decoded!
112	51058	51062	resized!
113	51058	51097	decoded!
113	51097	51101	resized!
114	51098	51137	decoded!
114	51137	51143	resized!
115	51139	51180	decoded!
115	51180	51186	resized!
116	51182	51221	decoded!
116	51221	51225	resized!
117	51222	51261	decoded!
117	51261	51270	resized!
118	51266	51304	decoded!
118	51304	51309	resized!
119	51305	51343	decoded!
119	51344	51348	resized!
120	51345	51383	decoded!
120	51383	51393	resized!
121	51389	51427	decoded!
121	51428	51432	resized!
122	51429	51467	decoded!
122	51467	51476	resized!
123	51472	51511	decoded!
123	51511	51519	resized!
124	51515	51554	decoded!
